version https://git-lfs.github.com/spec/v1
oid sha256:3fbff5fcc1e5555df6f368acbd5d995798f4e6df59c1f477414deb3ac29788f6
size 33
